events: package pp0 pp1 dram time
fl=xmltest 
fn=0 
0.376404 	0.297302 	0.003601 	0.041748 	0.074133 	
fn=1 
0.530273 	0.339233 	0.005859 	0.047913 	0.098291 	
fn=2 
7.253113 	5.419312 	0.085632 	0.838196 	0.773259 	
fn=3 
0.000000 	0.000000 	0.000000 	0.000000 	0.000000 	
fn=4 
0.000000 	0.000000 	0.000000 	0.000000 	0.000000 	
fn=5 
0.000000 	0.000000 	0.000000 	0.000000 	0.000000 	
fn=6 
0.966492 	0.743286 	0.013733 	0.119568 	0.083848 	
fn=7 
0.103882 	0.079163 	0.001709 	0.007263 	0.021963 	
fn=8 
4.069336 	3.114014 	0.048828 	0.542542 	0.403079 	
fn=9 
0.038086 	0.029724 	0.000854 	0.004822 	0.003306 	
fn=10 
4.171021 	3.148132 	0.047119 	0.548950 	0.392253 	
fn=11 
4.180481 	3.231812 	0.046204 	0.549194 	0.384509 	
fn=12 
0.130676 	0.100037 	0.001892 	0.016296 	0.011755 	
fn=13 
0.014893 	0.012085 	0.000183 	0.002686 	0.000478 	
fn=14 
0.090149 	0.071594 	0.000732 	0.013672 	0.007638 	
fn=15 
0.000000 	0.000000 	0.000000 	0.000000 	0.000000 	
fn=16 
0.000000 	0.000000 	0.000000 	0.000000 	0.000511 	
fn=17 
0.000000 	0.000000 	0.000000 	0.000000 	0.000201 	
fn=18 
0.000000 	0.000000 	0.000000 	0.000000 	0.000007 	
fn=19 
0.000000 	0.000000 	0.000000 	0.000000 	0.000059 	
fn=20 
0.000000 	0.000000 	0.000000 	0.000000 	0.000000 	
fn=21 
0.000000 	0.000000 	0.000000 	0.000000 	0.000022 	
fn=22 
0.000000 	0.000000 	0.000000 	0.000000 	0.000021 	
fn=23 
0.000000 	0.000000 	0.000000 	0.000000 	0.000000 	
fn=24 
0.000000 	0.000000 	0.000000 	0.000000 	0.000148 	
fn=25 
0.013306 	0.009705 	0.000488 	0.004028 	0.001627 	
fn=26 
0.000000 	0.000000 	0.000000 	0.000000 	0.000042 	
fn=27 
0.000000 	0.000000 	0.000000 	0.000000 	0.000000 	
fn=28 
0.515747 	0.282715 	0.003540 	0.035522 	0.072744 	
fn=29 
0.678894 	0.525818 	0.008301 	0.100769 	0.069359 	
fn=30 
0.011169 	0.008484 	0.000305 	0.000793 	0.000626 	
fn=31 
0.011292 	0.008545 	0.000366 	0.000793 	0.000797 	
fn=32 
5.434448 	4.141968 	0.064697 	0.718689 	0.504170 	
fn=33 
0.012390 	0.009521 	0.000244 	0.002502 	0.000408 	
fn=34 
0.000000 	0.000000 	0.000000 	0.000000 	0.000000 	
fn=35 
0.000000 	0.000000 	0.000000 	0.000000 	0.000000 	
fn=36 
0.000000 	0.000000 	0.000000 	0.000000 	0.000246 	
fn=37 
0.000000 	0.000000 	0.000000 	0.000000 	0.000000 	
fn=38 
0.000000 	0.000000 	0.000000 	0.000000 	0.000000 	
fn=39 
0.000000 	0.000000 	0.000000 	0.000000 	0.000183 	
fn=40 
0.000000 	0.000000 	0.000000 	0.000000 	0.000607 	
fn=41 
0.000000 	0.000000 	0.000000 	0.000000 	0.000386 	
fn=42 
0.136292 	0.106873 	0.000732 	0.015564 	0.011582 	
fn=43 
1.927673 	1.482422 	0.027161 	0.210876 	0.176406 	
fn=44 
0.300232 	0.236877 	0.001953 	0.036011 	0.027075 	
fn=45 
0.340942 	0.260315 	0.000854 	0.041382 	0.036891 	
fn=46 
0.384521 	0.301270 	0.003845 	0.049194 	0.031903 	
fn=47 
0.000000 	0.000000 	0.000000 	0.000000 	0.000029 	
fn=48 
0.161804 	0.124573 	0.001526 	0.021729 	0.023056 	
fn=49 
0.000000 	0.000000 	0.000000 	0.000000 	0.000745 	
fn=50 
0.034851 	0.026428 	0.001099 	0.002563 	0.002624 	
fn=51 
1.999634 	1.525452 	0.041077 	0.250610 	0.177029 	
fn=52 
1.985718 	1.515381 	0.040527 	0.246826 	0.176187 	
fn=53 
0.505554 	0.383301 	0.011658 	0.050781 	0.046365 	
fn=54 
0.492737 	0.374023 	0.011353 	0.047058 	0.045744 	
fn=55 
0.075439 	0.057312 	0.001770 	0.006409 	0.007666 	
fn=56 
0.000000 	0.000000 	0.000000 	0.000000 	0.000000 	
fn=57 
0.842651 	0.646790 	0.012512 	0.086853 	0.077572 	
fn=58 
0.210449 	0.161316 	0.000488 	0.024841 	0.020930 	
fn=59 
0.000000 	0.008179 	0.000305 	0.000732 	0.000519 	
fn=60 
0.000000 	0.000000 	0.000000 	0.000000 	0.000000 	
fn=61 
0.651489 	0.502197 	0.008362 	0.084717 	0.062060 	
fn=62 
0.000000 	0.000000 	0.000000 	0.000000 	0.000021 	
fn=63 
0.000000 	0.000000 	0.000000 	0.000000 	0.000025 	
fn=64 
0.000000 	0.000000 	0.000000 	0.000000 	0.000125 	
fn=65 
0.000000 	0.000000 	0.000000 	0.000000 	0.000063 	
fn=66 
0.000000 	0.000000 	0.000000 	0.000000 	0.000169 	
fn=67
0.000000 	0.000000 	0.000000 	0.000000 	0.000048 	
fn=68 
0.000000 	0.000000 	0.000000 	0.000000 	0.000000 	
fn=69 
0.303528 	0.232788 	0.005127 	0.032227 	0.025199 	
fn=70 
0.023132 	0.017578 	0.000732 	0.001648 	0.001331 	
fn=71 
0.034668 	0.026306 	0.001099 	0.002502 	0.002270 	
fn=72 
0.000000 	0.000000 	0.000000 	0.000000 	0.000000 	
fn=73 
0.012146 	0.009277 	0.000366 	0.000793 	0.000384 	
fn=74 
0.010437 	0.008179 	0.000061 	0.001343 	0.000738 	
fn=75 
0.000000 	0.000000 	0.000000 	0.000000 	0.001496 	
fn=76 
0.000000 	0.000000 	0.000000 	0.000000 	0.001323 	
fn=77 
0.000000 	0.000000 	0.000000 	0.000000 	0.000034 	
fn=78 
0.000000 	0.000000 	0.000000 	0.000000 	0.000533 	
fn=79 
0.077026 	0.052307 	0.000977 	0.004028 	0.007851 	
fn=80 
0.054993 	0.021179 	0.000000 	0.001770 	0.007919 	
fn=81 
0.517090 	0.407776 	0.005066 	0.061768 	0.057592 	
fn=82 
0.008484 	0.014709 	0.000366 	0.002502 	0.006718 	
fn=83 
0.110779 	0.073669 	0.001160 	0.007324 	0.013288 	
fn=84 
0.105957 	0.083313 	0.000732 	0.012146 	0.008264 	
fn=85 
0.000000 	0.000000 	0.000000 	0.000000 	0.000014 	
fn=86 
0.000000 	0.000000 	0.000000 	0.000000 	0.000000 	
fn=87 
0.000000 	0.000000 	0.000000 	0.000000 	0.000000 	
fn=88 
0.036255 	0.026672 	0.001343 	0.005920 	0.002376 	
fn=89 
0.000000 	0.000000 	0.000000 	0.000000 	0.000090 	
fn=90 
0.000000 	0.000000 	0.000000 	0.000000 	0.000000 	
fn=91 
0.008850 	0.006653 	0.000000 	0.000793 	0.000173 	
fn=92 
0.000000 	0.000000 	0.000000 	0.000000 	0.000124 	
fn=93 
0.111755 	0.085327 	0.000183 	0.013306 	0.011524 	
fn=94 
0.017822 	0.013550 	0.000000 	0.001831 	0.001500 	
fn=95 
0.050171 	0.038330 	0.000244 	0.006348 	0.005116 	
fn=96 
0.010437 	0.008179 	0.000061 	0.001343 	0.000774 	
fn=97 
0.000000 	0.000000 	0.000000 	0.000000 	0.000616 	
fn=98 
0.000000 	0.000000 	0.000000 	0.000000 	0.000000 	
fn=99 
0.000000 	0.000000 	0.000000 	0.000000 	0.000021 	
fn=100 
0.086609 	0.182556 	0.001465 	0.027649 	0.026724 	
fn=101 
0.735229 	0.609131 	0.009338 	0.087097 	0.134809 	
fn=102 
0.028809 	0.000000 	0.000488 	0.000000 	0.002667 	
fn=103 
0.133728 	0.132996 	0.000854 	0.017822 	0.032226 	
fn=104 
0.761108 	0.599060 	0.008667 	0.074524 	0.139592 	
fn=105 
16.071167 	12.247620 	0.181458 	2.000244 	1.516184 	
fn=106 
0.000000 	0.000000 	0.000000 	0.000000 	0.000872 	
fn=107 
1.643005 	1.260376 	0.013306 	0.146484 	0.298769 	
fn=108 
22.678711 	17.332214 	0.260315 	2.840271 	2.148187 	
fn=109 
100.382446 	76.636963 	1.099548 	12.642883 	9.702258 	
fn=110 
0.305847 	0.226929 	0.003906 	0.041382 	0.032726 	
fn=111 
9.377991 	7.150024 	0.106628 	1.214722 	0.912508 	
fn=112 
122.512451 	93.524841 	1.348511 	15.212524 	11.883750 	
fn=113 
91.943298 	70.170471 	0.993042 	11.391296 	8.951944 	
fn=114 
0.837036 	0.636902 	0.010681 	0.105530 	0.084327 	
fn=115 
17.869995 	13.638123 	0.172668 	2.222412 	1.784797 	
fn=116 
26.026978 	19.962830 	0.280212 	3.235962 	2.515879 	
fn=117 
14.872070 	11.332703 	0.174072 	1.867004 	1.421622 	
fn=118 
13.669373 	10.474304 	0.138794 	1.691772 	1.300211 	
fn=119 
0.019409 	0.028259 	0.000000 	0.004211 	0.004822 	
fn=120 
0.011292 	0.008545 	0.000366 	0.000000 	0.000757 	
fn=121 
0.017090 	0.006348 	0.000000 	0.000793 	0.001094 	
fn=122 
0.011719 	0.000000 	0.000000 	0.000000 	0.000173 	
fn=123 
107.789917 	82.282166 	1.202881 	13.625610 	10.388795 	